1 1.000000e+00
2 3.000000e+00
3 4.000000e+00
4 1.000000e+01
5 1.600000e+01
6 3.600000e+01
7 6.400000e+01
8 1.360000e+02
9 2.560000e+02
10 5.280000e+02
11 9.990000e+02
12 1.758000e+03
13 2.558000e+03
14 3.184000e+03
15 3.567000e+03
16 3.710000e+03
17 3.727000e+03
18 3.648000e+03
19 3.547000e+03
20 3.414000e+03
21 3.287000e+03
22 3.164000e+03
23 3.059000e+03
24 2.937000e+03
25 2.815000e+03
26 2.693000e+03
27 2.581000e+03
28 2.467000e+03
29 2.355000e+03
30 2.223000e+03
31 2.106000e+03
32 1.994000e+03
33 1.883000e+03
34 1.762000e+03
35 1.651000e+03
36 1.545000e+03
37 1.445000e+03
38 1.347000e+03
39 1.253000e+03
40 1.169000e+03
