1 2.000000e+00
2 4.000000e+00
3 8.000000e+00
4 1.600000e+01
5 3.200000e+01
6 6.400000e+01
7 1.280000e+02
8 2.560000e+02
9 5.120000e+02
10 1.024000e+03
11 2.048000e+03
12 4.095000e+03
13 8.146000e+03
14 1.581500e+04
15 2.873500e+04
16 4.749500e+04
17 7.154200e+04
18 9.920500e+04
19 1.287390e+05
20 1.592790e+05
21 1.900870e+05
22 2.210770e+05
23 2.524750e+05
24 2.845940e+05
25 3.179490e+05
26 3.529630e+05
27 3.894540e+05
28 4.279290e+05
29 4.684960e+05
30 5.111350e+05
31 5.562270e+05
32 6.036480e+05
33 6.532550e+05
34 7.054960e+05
35 7.599120e+05
36 8.164230e+05
37 8.748750e+05
38 9.352020e+05
39 9.972590e+05
40 1.060902e+06
